1111111111111000000011001001111111111111000000011001101110100101
1111111111111000000011001001110101100
111111111111100000001100101111100000100
11111111111110000000110100011111001101100
11111111111110000000110011111111010000100
111111111111100000001100111111101110100
1111111111111000000011010001111110001001100
1111111111111000000011001001111110010111100
1111111111111000000011001101111111111111000000011010001111110000101101
1111111111111000000011001001111111111111000000011010101111110101110101
1111111111111000000011001101111111111111000000011001111111110111011101
1111111111111000000011001011111110110010100
111111111111100000001100110111111111111100000001100111111111100000000101
111111111111100000001100100111111111111100000001100101111111100000001101
111111111111100000001101000111111100010100100
111111111111100000001100100111111111111100000001100110111111100101101101
111111111111100000001100100111111100101110100
111111111111100000001100111111111100100111100
111111111111100000001100100111111100111100100
111111111111100000001100100111111101011000100
11111111111110000000110011111111111000000100100
11111111111110000000110011111111111000110011100
11111111111110000000110100011111111000111000100
11111111111110000000110010111111111000111010100
11111111111110000000110011011111111001011011100
11111111111110000000110011011111111010011000100
1111111111111000000011001001111111111111000000011001101111111111111000000011010001111111101010101011000
1111111111111000000011001001111111111111000000011001011111111111111000000011001101111111111111000000011010001111111101100101011001
11111111111110000000110011111111111011010010100
1111111111111000000011001101111111110000000000100
1111111111111000000011001001111111111111000000011001011111111110000100011101
1111111111111000000011001011111111110010111000100
1111111111111000000011001001111111110011000011100
1111111111111000000011001011111111110011000111100
1111111111111000000011001011111111110011010011100
1111111111111000000011010101111111110011100010100
1111111111111000000011001101111111110011111000100
1111111111111000000011001101111111111111000000011001111111111110011111111101
1111111111111000000011001111111111110100000010100
1111111111111000000011010001111111110100010101100
111111111111100000001100100111111111111100000001100101111111111111100000001100110111111111010001000111000
1111111111111000000011001001111111111111000000011010001111111110100010110101
1111111111111000000011001101111111111111000000011001111111111110100101110101
1111111111111000000011001101111111110100111010100
1111111111111000000011001011111111111111000000011001101111111110101100010101
1111111111111000000011001001111111110110001001100
1111111111111000000011001001111111110110001100100
1111111111111000000011001001111111110110101110100
1111111111111000000011001001111111110110111011100
1111111111111000000011001001111111110111000010100
1111111111111000000011001111111111110111001111100
1111111111111000000011001001111111110111011011100
1111111111111000000011001101111111110111011101100
111111111111100000001100100111111111111100000001100101111111111111100000001100110111111111011110010111000
111111111111100000001100111111111111100000100000100
111111111111100000001100100111111111100000100111100
111111111111100000001100100111111111100001001011100
111111111111100000001100111111111111111100000001101000111111111100001101110101
111111111111100000001100100111111111111100000001100101111111111100010000000101
11111111111110000000110010011111111111110000000110010111111111111110000000110011011111111111110000000110011111111111111110000000110100011111111111110000000110101011111111110001000111111011
111111111111100000001100101111111111111100000001100110111111111100010010000101
111111111111100000001100110111111111100010100010100
111111111111100000001100110111111111100010110001100
111111111111100000001100100111111111100010110011100
111111111111100000001101000111111111100010111000100
111111111111100000001100101111111111100010111011100
111111111111100000001100111111111111100010111100100
111111111111100000001100110111111111100011101100100
111111111111100000001100110111111111100100010010100
111111111111100000001100101111111111111100000001100110111111111100100011010101
111111111111100000001100100111111111100100101000100
111111111111100000001100100111111111100101000111100
11111111111110000000110010111111111111110000000110011011111111111110000000110011111111111111110000000110101011111111110010101111111001
111111111111100000001100101111111111100101100101100
111111111111100000001100110111111111100101101001100
111111111111100000001100110111111111100101110100100
111111111111100000001100110111111111100110001100100
111111111111100000001100101111111111100010100001100
111111111111100000001100100111111111100110100010100
111111111111100000001100110111111111100110110111100
111111111111100000001100101111111111111100000001101000111111111100110111111101
111111111111100000001100110111111111100111010000100
111111111111100000001100100111111111100111010010100
111111111111100000001100100111111111111100000001100111111111111100111011001101
111111111111100000001100101111111111100111011010100
111111111111100000001100100111111111100111110010100
111111111111100000001100110111111111101000001110100
111111111111100000001100101111111111101000010100100
111111111111100000001100101111111111101000101110100
111111111111100000001100111111111111101000110100100
111111111111100000001100100111111111111100000001101010111111111101000110010101
11111111111110000000110010011111111111110000000110011011111111111110000000110011111111111110100100100111000
111111111111100000001100110111111111101001111110100
11111111111110000000110010111111111111110000000110011111111111111110000000110100011111111110101011011011000
111111111111100000001100111111111111101011000011100
111111111111100000001100100111111111101011010011100
111111111111100000001100100111111111101011010101100
111111111111100000001100110111111111101011010110100
111111111111100000001101010111111111101011100011100
111111111111100000001100110111111111101011101000100
11111111111110000000110010011111111111110000000110010111111111111110000000110011011111111110101110110111000
111111111111100000001101010111111111101100000101100
111111111111100000001100100111111111101100001001100
111111111111100000001100100111111111111100000001100110111111111101100010001101
111111111111100000001100110111111111111100000001100111111111111101100010111101
111111111111100000001100101111111111101100011101100
111111111111100000001100100111111111101100011110100
111111111111100000001100111111111111101100101100100
111111111111100000001100110111111111111100000001100111111111111101100101111101
111111111111100000001100110111111111101100101001100
111111111111100000001100100111111111101101000010100
111111111111100000001100100111111111101101100001100
111111111111100000001100110111111111101101100100100
111111111111100000001100110111111111101101101001100
111111111111100000001101000111111111101101111100100
111111111111100000001100100111111111101110000000100
111111111111100000001100101111111111111100000001100110111111111101110000011101
111111111111100000001100110111111111111100000001100111111111111101110110101101
111111111111100000001100100111111111101110111010100
111111111111100000001100111111111111101111000111100
11111111111110000000110010011111111111000000000101100
11111111111110000000110010011111111111000000001111100
11111111111110000000110010011111111111000000011001100
11111111111110000000110011011111111111110000000110011111111111111000001010010101
11111111111110000000110010011111111111000001010110100
11111111111110000000110011111111111111000001100001100
11111111111110000000110011011111111111110000000110101011111111111000001100010101
11111111111110000000110010011111111111000001101101100
11111111111110000000110010011111111111110000000110010111111111111000001111010101
11111111111110000000110010011111111111000001111111100
11111111111110000000110011111111111111000010110000100
11111111111110000000110010011111111111000010110011100
11111111111110000000110011011111111111000010111011100
11111111111110000000110010011111111111000010111101100
11111111111110000000110011011111111111000010111110100
1111111111111000000011001001111111111111000000011001101111111111111000000011001111111111111100001100000111000
11111111111110000000110010011111111111000011001011100
11111111111110000000110010011111111111000011001100100
1111111111111000000011001001111111111111000000011001101111111111111000000011001111111111111100001101000111000
11111111111110000000110011111111111111000011010011100
11111111111110000000110010011111111111000011010101100
11111111111110000000110010011111111111000011010110100
11111111111110000000110010011111111111000011010111100
11111111111110000000110010011111111111000001101010100
11111111111110000000110010011111111111000011100110100
11111111111110000000110010011111111111000011100111100
11111111111110000000110011011111111111000011110011100
11111111111110000000110011011111111111000011111010100
11111111111110000000110011111111111111000011111100100
11111111111110000000110011011111111111000100001011100
11111111111110000000110011011111111111000100000110100
11111111111110000000110011011111111111000100001101100
11111111111110000000110011011111111111000100001110100
11111111111110000000110011011111111111000100001111100
11111111111110000000110011011111111111000100010000100
11111111111110000000110011011111111111000100010001100
11111111111110000000110011011111111111000100010010100
11111111111110000000110011111111111111110000000110100011111111111000100010100101
11111111111110000000110011011111111111110000000110011111111111111000100010111101
1111111111111000000011001001111111111111000000011001101111111111111000000011001111111111111100010001100111000
11111111111110000000110011011111111111000100011101100
11111111111110000000110100011111111111000101000010100
11111111111110000000110010111111111111110000000110011111111111111000101001110101
11111111111110000000110011011111111111000101010001100
11111111111110000000110011011111111111000101011111100
11111111111110000000110011011111111111110000000110011111111111111000101101100101
11111111111110000000110010011111111111000101110001100
11111111111110000000110010011111111111110000000110011011111111111000110101001101
11111111111110000000110010011111111111000110101010100
11111111111110000000110010111111111111000110101111100
11111111111110000000110100011111111111000110110110100
11111111111110000000110100111111111111000111001001100
11111111111110000000110100011111111111000111010101100
11111111111110000000110011011111111111000111101000100
11111111111110000000110011011111111111000111101110100
11111111111110000000110011111111111111000111101111100
1111111111111000000011001101111111111111000000011001111111111111111000000011010001111111111100011111010011000
11111111111110000000110010011111111111000111110111100
1111111111111000000011001011111111110110000100100
11111111111110000000110010111111111111000111111100100
11111111111110000000110010111111111111001000000111100
11111111111110000000110010111111111111000111111110100
11111111111110000000110010111111111111001000001000100
11111111111110000000110010111111111111110000000110011111111111111001000000000101
11111111111110000000110011011111111111001000000001100
1111111111111000000011001011111111111111000000011001101111111111111000000011001111111111111100100000011011000
11111111111110000000110011011111111111110000000110100011111111111001000010001101
11111111111110000000110011011111111111110000000110011111111111111001000011010101
11111111111110000000110010111111111111001000100010100
11111111111110000000110011111111111111000110101011100
11111111111110000000110011011111111111001000110101100
11111111111110000000110011011111111111110000000110011111111111111001000111011101
11111111111110000000110011011111111111001001000000100
11111111111110000000110011011111111111001001010111100
11111111111110000000110011011111111111110000000110011111111111111001001011100101
11111111111110000000110011111111111111001001011110100
11111111111110000000110011011111111111001001100000100
11111111111110000000110011011111111111110000000110100011111111111001001110011101
11111111111110000000110011111111111111001010001101100
11111111111110000000110011011111111111110000000110100011111111111001001111111101
11111111111110000000110011011111111111001010010000100
1111111111111000000011001101111111111111000000011001111111111111111000000011010001111111111100101000000111000
11111111111110000000110011011111111111001010000100100
11111111111110000000110011011111111111001010000101100
11111111111110000000110011011111111111110000000110100011111111111001010000110101
11111111111110000000110011011111111111001010010011100
11111111111110000000110011111111111111001010001000100
11111111111110000000110011011111111111001010100000100
11111111111110000000110010011111111111001010101001100
11111111111110000000110010011111111111001011000100100
11111111111110000000110011011111111111001011100111100
11111111111110000000110011011111111111001011101000100
11111111111110000000110010111111111111001100000111100
11111111111110000000110011111111111111001001011111100
11111111111110000000110010111111111111001100010100100
11111111111110000000110011011111111111110000000110011111111111111001100101100101
11111111111110000000110011011111111111110000000110011111111111111001100111000101
11111111111110000000110011011111111111110000000110011111111111111001100111001101
11111111111110000000110011011111111111000110100100100
11111111111110000000110011111111111111001101011110100
11111111111110000000110011011111111111001110000101100
11111111111110000000110011011111111111110000000110011111111111111001110010101101
11111111111110000000110011011111111111110000000110011111111111111001110011000101
11111111111110000000110011111111111111110000000110100011111111111001110011101101
11111111111110000000110011011111111111001110011111100
11111111111110000000110101011111111111001110111001100
11111111111110000000110011011111111111110000000110011111111111111001111000011101
11111111111110000000110011011111111111001111001101100
11111111111110000000110011011111111111001111010011100
11111111111110000000110011111111111111001111010101100
11111111111110000000110101011111111111001111011001100
11111111111110000000110011011111111111110000000110011111111111111001010011010101
11111111111110000000110011011111111111001111100111100
11111111111110000000110011011111111111001111110000100
11111111111110000000110011011111111111001111101000100
11111111111110000000110011011111111111010000000001100
11111111111110000000110011011111111111110000000110011111111111111010000001101101
11111111111110000000110100011111111111110000000110100111111111111010000010101101
11111111111110000000110011011111111111110000000110011111111111111001100011011101
11111111111110000000110011011111111111010001000111100
11111111111110000000110011011111111111010001011000100
11111111111110000000110011011111111111110000000110011111111111111010001100001101
11111111111110000000110011111111111111010001111001100
11111111111110000000110011011111111111010010001010100
11111111111110000000110011011111111111010010010001100
11111111111110000000110011011111111111010010100100100
11111111111110000000110011011111111111010010100010100
11111111111110000000110011011111111111010010111011100
11111111111110000000110011011111111111110000000110011111111111111010011001101101
11111111111110000000110011011111111111110000000110100011111111111010011011100101
11111111111110000000110011011111111111010011100010100
11111111111110000000110011011111111111010011101001100
11111111111110000000110011011111111111010011011011100
11111111111110000000110100011111111111010011111001100
11111111111110000000110011011111111111010011111100100
11111111111110000000110101011111111111010100010101100
11111111111110000000110011011111111111110000000110011111111111111010100011001101
11111111111110000000110100011111111111010100100111100
11111111111110000000110011111111111111010101000011100
11111111111110000000110011011111111111001111011101100
11111111111110000000110011011111111111010101001101100
11111111111110000000110011011111111111010101011111100
11111111111110000000110011011111111111010101100000100
11111111111110000000110011011111111111010101011001100
11111111111110000000110011011111111111010101100001100
11111111111110000000110011011111111111010101100010100
11111111111110000000110011011111111111010101011011100
11111111111110000000110011011111111111010101011010100
11111111111110000000110011011111111111010101100011100
11111111111110000000110100011111111111010101110000100
11111111111110000000110100011111111111010101111000100
11111111111110000000110100011111111111010101111010100
11111111111110000000110011111111111111010101111100100
11111111111110000000110011011111111111110000000110011111111111111010101111111101
11111111111110000000110100011111111111010110000001100
11111111111110000000110100011111111111110000000110100111111111111010110000110101
11111111111110000000110011011111111111010110001111100
11111111111110000000110011111111111111010110010110100
11111111111110000000110011011111111111010110100101100
11111111111110000000110011011111111111010110100110100
11111111111110000000110011011111111111010110100011100
11111111111110000000110011011111111111010110100111100
11111111111110000000110011011111111111010110101000100
11111111111110000000110011011111111111010101100100100
11111111111110000000110011011111111111010110101001100
11111111111110000000110011011111111111010110100100100
11111111111110000000110011011111111111000111011101100
11111111111110000000110011011111111111010110101010100
11111111111110000000110011011111111111110000000110011111111111111010110101011101
11111111111110000000110011011111111111010110101100100
11111111111110000000110011011111111111010110101101100
11111111111110000000110011111111111111010110111111100
11111111111110000000110011111111111111010111101011100
11111111111110000000110011111111111111010111110001100
11111111111110000000110100011111111111011000000011100
11111111111110000000110011111111111111011000001000100
11111111111110000000110011011111111111110000000110011111111111111011000100000101
11111111111110000000110011011111111111110000000110100011111111111011000110000101
11111111111110000000110011111111111111011000110010100
11111111111110000000110100011111111111011000110011100
11111111111110000000110011111111111111011000111010100
11111111111110000000110100011111111111011000111011100
11111111111110000000110011111111111111011000111111100
11111111111110000000110011111111111111011001001000100
11111111111110000000110011011111111111011001001100100
11111111111110000000110011111111111111011001001101100
11111111111110000000110011111111111111110000000110100011111111111011001010011101
11111111111110000000110011111111111111011010000011100
1111111111111000000011001111111111111111000000011010001111111111111000000011010011111111111101101001000111000
11111111111110000000110100011111111111011010101000100
11111111111110000000110011111111111111011010001001100
11111111111110000000110011011111111111011010111000100
11111111111110000000110011111111111111011011000000100
11111111111110000000110011011111111111110000000110100011111111111011011001011101
11111111111110000000110100011111111111011011001100100
11111111111110000000110101011111111111011011010001100
11111111111110000000110011111111111111011011011101100
11111111111110000000110011011111111111110000000110011111111111111011011100101101
11111111111110000000110011111111111111011011100110100
11111111111110000000110011011111111111110000000110011111111111111011011100111101
11111111111110000000110100011111111111011101000111100
11111111111110000000110011011111111111011101001001100
11111111111110000000110011111111111111011101001111100
11111111111110000000110100011111111111011101010110100
11111111111110000000110011111111111111011101101101100
11111111111110000000110011111111111111011101101110100
11111111111110000000110011111111111111011101111110100
11111111111110000000110100011111111111110000000110100111111111111011110001001101
11111111111110000000110011111111111111011110001010100
11111111111110000000110011011111111111110000000110011111111111111011110011000101
11111111111110000000110011011111111111011110100001100
11111111111110000000110011111111111111011110101000100
11111111111110000000110011011111111111011110111010100
11111111111110000000110011011111111111011110111011100
11111111111110000000110011011111111111011110111100100
11111111111110000000110011011111111111011110111101100
11111111111110000000110011111111111111011111000101100
11111111111110000000110011111111111111011111000110100
11111111111110000000110011111111111111011111001001100
11111111111110000000110100011111111111001110100110100
11111111111110000000110100011111111111011111001110100
11111111111110000000110011111111111111011111011001100
11111111111110000000110011111111111111011111110100100
11111111111110000000110011111111111111011111110011100
1111111111111000000011010001111111111110000000000100100
1111111111111000000011010011111111111110000001111100100
1111111111111000000011010001111111111110000001111110100
1111111111111000000011010001111111111110000011110011100
1111111111111000000011010101111111111110000011110000100
1111111111111000000011010001111111111110000100000100100
1111111111111000000011010001111111111110000101110101100
1111111111111000000011010001111111111110000110000100100
1111111111111000000011010001111111111110000111000111100
1111111111111000000011010001111111111110001000011001100
1111111111111000000011010001111111111110001000101110100
1111111111111000000011010001111111111110001001001111100
1111111111111000000011010001111111111111000000011010101111111111110001001101001101
1111111111111000000011010001111111111111000000011010011111111111110001100011111101
1111111111111000000011010001111111111111000000011010011111111111110001101101000101
1111111111111000000011010001111111111110001101110101100
1111111111111000000011010001111111111111000000011010101111111111110001110011111101
1111111111111000000011010001111111111110001110011101100
1111111111111000000011010001111111111110001111011000100
1111111111111000000011010001111111111111000000011010011111111111110001011011101101
1111111111111000000011010001111111111110001010111100100
1111111111111000000011010001111111111111000000011010011111111111110010000111001101
1111111111111000000011010001111111111111000000011010101111111111110010000111010101
1111111111111000000011010101111111111110000011010111100
1111111111111000000011010001111111111110010000111100100
1111111111111000000011010001111111111110010000111110100
1111111111111000000011010101111111111110010001000010100
1111111111111000000011010001111111111110010001000101100
1111111111111000000011010001111111111111000000011010011111111111110010001000110101
1111111111111000000011010001111111111111000000011010011111111111110010001000111101
1111111111111000000011010001111111111110010001001011100
1111111111111000000011010001111111111110010001111100100
1111111111111000000011010001111111111110010010110110100
1111111111111000000011010001111111111110010011001100100
1111111111111000000011010001111111111110010011001101100
1111111111111000000011010101111111111110010011011111100
1111111111111000000011010001111111111110010100110100100
1111111111111000000011010001111111111110010101001101100
1111111111111000000011010001111111111110010101010010100
1111111111111000000011010011111111111110010101101110100
1111111111111000000011010011111111111110010101010111100
1111111111111000000011010001111111111111000000011010101111111111110010110010101101
1111111111111000000011010001111111111111000000011010101111111111110010110011100101
1111111111111000000011010001111111111110010110011101100
1111111111111000000011010001111111111110010110011111100
1111111111111000000011010101111111111110010111001111100
1111111111111000000011010001111111111110010111011101100
1111111111111000000011010001111111111110010111101101100
1111111111111000000011010001111111111110010111111001100
1111111111111000000011010001111111111110011000001101100
1111111111111000000011010001111111111110011000111100100
1111111111111000000011010001111111111110011001000001100
1111111111111000000011010001111111111110011010001001100
1111111111111000000011010001111111111110011010010001100
1111111111111000000011010101111111111110011010101001100
1111111111111000000011010101111111111110011010101011100
1111111111111000000011010001111111111110011010101111100
1111111111111000000011010001111111111110011010110100100
1111111111111000000011010001111111111110011010110101100
1111111111111000000011010001111111111111000000011010101111111111110011010110111101
1111111111111000000011010001111111111111000000011010101111111111110011010111001101
1111111111111000000011010101111111111110011010111010100
1111111111111000000011010001111111111110011010111011100
1111111111111000000011010001111111111110011010111111100
1111111111111000000011010001111111111110011011000110100
1111111111111000000011010001111111111110011011001101100
1111111111111000000011010001111111111110011011100010100
1111111111111000000011010001111111111110011011100111100
1111111111111000000011010001111111111110011100011101100
1111111111111000000011010001111111111110011011110000100
1111111111111000000011010001111111111110011100101101100
1111111111111000000011010001111111111110011110001001100
1111111111111000000011010001111111111110100000111101100
1111111111111000000011010101111111111110100001001101100
1111111111111000000011010101111111111110100001100100100
1111111111111000000011010001111111111110100001111111100
1111111111111000000011010001111111111110100010000000100
1111111111111000000011010001111111111110100010000001100
1111111111111000000011010001111111111110100010000010100
1111111111111000000011010001111111111110100010000011100
1111111111111000000011010001111111111110100010000100100
1111111111111000000011010001111111111110100010000101100
1111111111111000000011010101111111111110100010011100100
1111111111111000000011010101111111111110100010100010100
1111111111111000000011010101111111111110100011011000100
1111111111111000000011010101111111111110100010111000100
1111111111111000000011010101111111111110100011111111100
1111111111111000000011010101111111111110100100110101100
1111111111111000000011010101111111111110100101010100100
1111111111111000000011010101111111111110100101111110100
1111111111111000000011010101111111111110100110110010100
1111111111111000000011010101111111111110101000110011100
1111111111111000000011010101111111111110101001011001100
1111111111111000000011010101111111111110101001011010100
1111111111111000000011010101111111111110101001011011100
