1111111111110110100110111111101111100
11111111111110000000101110011000100
111111111111100000001011011111111111111100000001011101111101010101
11111111111110000000101101111001100
11111111111101101110100011111111111111000000010110111111111111111000000011000111101111000
1111111111111000000010111001111111111111000000011000001110000101
1111111111111000000010111011110001100
111111111111100000001011111111111111111100000001100000111111111111100000001100011111010011000
1111111111111000000011000001110101100
1111111111111000000010111101111111111111000000011000001110111101
1111111111110110111010001111111111111011101100000011111111111110000000110000011110000011000
1111111111110111000101111111111111111100000001100001111100101101
111111111111100000001100001111101000100
11111111111110000000101101111111111111110000000101110111111111111110000000101111011110110111000
1111111111110110111010001111111111111011101110010111111111111101111111011111111111111111000000010110111111100010111001
111111111111100000001011011111101011100
11111111111110000000110000011111001011100
11111111111110000000110000011111001111100
11111111111110000000001010111111111111110000000101101111111010000101
11111111111110000000110000011111111111110000000110001111111011001101
11111111111110000000010111011111011011100
111111111111011011100100111111011101100
11111111111101111000110101111110000011100
11111111111101101001101111111111111110110111000101111111111111011011101000111111111111101111011010111111111111110111111000001111111000100111010
1111111111111000000010111011111111111111000000010111101111110001100101
1111111111111000000011000001111110001111100
1111111111111000000010111011111111111111000000011000001111110010000101
1111111111111000000011000001111110010010100
1111111111111000000011000001111110010100100
11111111111101101100000101111110010111100
111111111111011101000001011111111111101110111100101111110001000101
1111111111110110100110111111111111111011011110001011111111111101101111011111111111111110111111001110111111111111011111110111111111111111110000000001010111111111111110000000110000011111100110001110000
1111111111111000000011000001111110011011100
1111111111111000000010110111111110011111100
11111111111101101100101111111111111110110110100101111111111111011011101000111111111111101110011111001111111111110111111000101111111111111100000000101110111111010010011011
1111111111111000000010111101111111111111000000010111111111111111111000000011000001111100000011000
111111111111011011000001011111111111101101110000111111110101000101
1111111111111000000011000001111110101001100
1111111111110110101111001111111111111011011000001011111111111101101110001011111111111110110111010001111111111111011100111010011111111111101110101000001111111111110111101110100111111111111011111111001111111111111110000000110000011111100001011110010
1111111111111000000011000001111110101100100
1111111111111000000010111001111110101101100
11111111111101101100000101111111111110110111000101111111111111011011101000111111111111101101111000101111111111110110111101111111111111111011011111010111111111111101110000011111111111111110111001001110111111111111011100101010011111111111101110011011011111111111110111010000010111111111111011101000001111111111111101110111001011111111111110111011110101111111111111011110001101011111111111101111011010111111111111111000000001011101111110101110111100010
11111111111101110101100001111111111110111010110111111111111111100000001011110111111111111100000001100000111111111111100000001100001111111010111111010
1111111111111000000010111001111111111111000000010111101111110111010101
111111111111011011000001011111111111101110000101001111110111011101
111111111111011011110010011111111111101110100000101111111111110111010100000111111111111100000001011110111111111111100000001100000111111011001011010
1111111111111000000010111001111110111101100
11111111111101101110100011111111111110111111110011111111100000000101
111111111111100000001100011111111100000001100
1111111111110110111010001111111100000110100
11111111111101101100000101111111111110110111000101111111100001001101
111111111111100000001100001111111100001100100
111111111111100000001100001111111100011000100
111111111111100000001100000111111100011001100
111111111111100000001011011111111100011011100
111111111111011010100011011111111111101101101001001111111111110110110110101111111111111011011110000011111111111101101111000011111111111110110111100100111111111111011011110010111111111111101101111110011111111111110111000010110111111111111011101111001011111111111101110111110001111111000111001110100
