1111111111111000000011001001111111111111000000011001101110100101
1111111111111000000011001001110101100
111111111111100000001100101111100000100
11111111111110000000110100011111001101100
11111111111110000000110011111111010000100
111111111111100000001100111111101110100
1111111111111000000011010001111110001001100
1111111111111000000011001001111110010111100
1111111111111000000011001101111111111111000000011010001111110000101101
1111111111111000000011001001111111111111000000011010101111110101110101
1111111111111000000011001101111111111111000000011001111111110111011101
1111111111111000000011001011111110110010100
111111111111100000001100110111111111111100000001100111111111100000000101
111111111111100000001100100111111111111100000001100101111111100000001101
111111111111100000001101000111111100010100100
