11111111111101010011011101111111111110101010000111111111111111010110011011011111111111101011111110101101111001
111111111111010100011110011111111111101010010101001110100101
1111111111110101001111101111100101100
111111111111010101011001011111111111101010110010001111111111110101011010110111111111111010110010010111111111111101011001011001111111111110101111010000111111111111010111110100011111111111101011111010011111010011110001
1111111111110101100101100111111111111010111100110011111111111101100011110101111100010111000
111111111111010111100010111111001011100
111111111111010111011010111111001101100
111111111111010101101110011111010000100
11111111111101011000000101111111111110101100100011111111111111010111000000111111111111101011100011011111111111110101111010000111111111111011001000000011110111011011
11111111111101010001111001111111111110101001110111111111111111010101000011111111111111101010101100011111111111110101010110010111111111111010101100100011111111111101011010001001111111111110101110001011111111111111011000111000011111100010011110010
111111111111010110000001111111111111101011000100111111110010111101
11111111111101011000000111111110001000100
111111111111010100101001011111111111101011000100111111111111110110011010110111111001100011000
11111111111101001111010111111111111110101001010010111111111111010100110111011111111111101010011101111111111111110101100000111111111010010011010
111111111111010100000101011111111111101010101100011111111111110101100100011111111111111010110011100011111111111101011101000111111111111110110011010110111111010100011011
11111111111101001111010111111111111110101000011011111111111111010100111011111111111111101010100000011111111111110101010110001111111111111010110000001111111111111101011100110001111111111110101110110111111111111111010111100110011111111111101100000000011111111111110110001000010111111111111011001010111011111100001011110101
1111111111110101000001010111111111111010100010110011111111111101010001111001111111111110101001101110111111111111010100111001111111111111101010011101111111111111110101010000101111111111111010101011000111111111111101010110011011111111111110101011110110111111111111010110000001011111111111101011000000111111111111110101100010111111111111111010110010001111111111111101011001010001111111111110101100101100111111111111010110100010011111111111101011010001011111111111110101101011110111111111111010110110111011111111111101011100010001111111111110101110001101111111111111010111001100011111111111101011101101011111111111110101110111110111111111111010111100110011111111111101100000000011111111111110110000010010111111111111011000011101011111111111101100011100011111111111110110011001110111111111111011001110001011111111111101100111010011111111111110110011110111111111010111011111000011
11111111111101011010111101111110101111100
1111111111110101101100101111111100000000100
1111111111110100111101011111111111111010100000111111111111111101010001101001111111111110101001000110111111111111010100101010011111111111101010011110101111111111110101010010110111111111111010101100100011111111111101011000000101111111111110101100011011111111111111010110010101011111111111101011010101101111111111110101110001011111111111111010111000111111111111111101100100001101111111111110110100010011111111100001001111100001
111111111111010011110101111111111111101010011100111111111111110101010000001111111111111010110100010011111110001000011001
1111111111110101110110101111111100010100100
1111111111110101001000001111111100010010100
1111111111110101110001011111111100011011100
1111111111110101000001010111111111111010110000110011111111111101011010100101111111111110101111001101111111111111011001110100111111110001110011010
11111111111101010001001001111111111110101011011100111111100100100101
1111111111110100111101011111111100101101100
