[8297] [0.0001205254911413764]
[8296] [0.0001205254911413764]
[8295] [0.0001205254911413764]
[8294] [0.0001205254911413764]
[8293] [0.0001205254911413764]
[8292] [0.0001205254911413764]
[8291] [0.0001205254911413764]
[8290] [0.0001205254911413764]
[8289] [0.0001205254911413764]
[8288] [0.0001205254911413764]
[8287] [0.0001205254911413764]
[8286] [0.0001205254911413764]
[8285] [0.0001205254911413764]
[8284] [0.0001205254911413764]
[8283] [0.0001205254911413764]
[8282] [0.0001205254911413764]
[8281] [0.0001205254911413764]
[8280] [0.0001205254911413764]
[8279] [0.0001205254911413764]
[8278] [0.0001205254911413764]
[8277] [0.0001205254911413764]
[8276] [0.0001205254911413764]
[8275] [0.0001205254911413764]
[8274] [0.0001205254911413764]
[8273] [0.0001205254911413764]
[8272] [0.0001205254911413764]
[8271] [0.0001205254911413764]
[8270] [0.0001205254911413764]
[8269] [0.0001205254911413764]
[8268] [0.0001205254911413764]
[8267] [0.0001205254911413764]
[8266] [0.0001205254911413764]
[8265] [0.0001205254911413764]
[8264] [0.0001205254911413764]
[8263] [0.0001205254911413764]
[8262] [0.0001205254911413764]
[8261] [0.0001205254911413764]
[8260] [0.0001205254911413764]
[8259] [0.0001205254911413764]
[8258] [0.0001205254911413764]
[8257] [0.0001205254911413764]
[8256] [0.0001205254911413764]
[8255] [0.0001205254911413764]
[8254] [0.0001205254911413764]
[8253] [0.0001205254911413764]
[8252] [0.0001205254911413764]
[8251] [0.0001205254911413764]
[8250] [0.0001205254911413764]
[8249] [0.0001205254911413764]
[8248] [0.0001205254911413764]
[8247] [0.0001205254911413764]
[8246] [0.0001205254911413764]
[8245] [0.0001205254911413764]
[8244] [0.0001205254911413764]
[8243] [0.0001205254911413764]
[8242] [0.0001205254911413764]
[8241] [0.0001205254911413764]
[8240] [0.0001205254911413764]
[8239] [0.0001205254911413764]
[8238] [0.0001205254911413764]
[8237] [0.0001205254911413764]
[8236] [0.0001205254911413764]
[8235] [0.0001205254911413764]
[8234] [0.0001205254911413764]
[8233] [0.0001205254911413764]
[8232] [0.0001205254911413764]
[8231] [0.0001205254911413764]
[8230] [0.0001205254911413764]
[8229] [0.0001205254911413764]
[8228] [0.0001205254911413764]
[8227] [0.0001205254911413764]
[8226] [0.0001205254911413764]
[8225] [0.0001205254911413764]
[8224] [0.0001205254911413764]
[8223] [0.0001205254911413764]
[8222] [0.0001205254911413764]
[8221] [0.0001205254911413764]
[8220] [0.0001205254911413764]
[8219] [0.0001205254911413764]
[8218] [0.0001205254911413764]
[8217] [0.0001205254911413764]
[8216] [0.0001205254911413764]
[8215] [0.0001205254911413764]
[8214] [0.0001205254911413764]
[8213] [0.0001205254911413764]
[8212] [0.0001205254911413764]
[8211] [0.0001205254911413764]
[8210] [0.0001205254911413764]
[8209] [0.0001205254911413764]
[8208] [0.0001205254911413764]
[8207] [0.0001205254911413764]
[8206] [0.0001205254911413764]
[8205] [0.0001205254911413764]
[8204] [0.0001205254911413764]
[8203] [0.0001205254911413764]
[8202] [0.0001205254911413764]
[8201] [0.0001205254911413764]
[8200] [0.0001205254911413764]
[8199] [0.0001205254911413764]
[8198] [0.0001205254911413764]
