4037 0.0043477138670980275
15 0.0034726271866630954
6634 0.0033848534953935523
2625 0.003098732287534763
2398 0.002461726285154732
2470 0.002381641899254391
2237 0.002356025573593546
4191 0.0021401344442114334
7553 0.002047538970903244
5254 0.0020290145327110792
2328 0.0019244159733883548
1186 0.0019209000712971539
1297 0.0018362579081955292
4335 0.0018276908594571986
7620 0.001823272647835955
5412 0.0018108492282578918
7632 0.0018003051929412458
4875 0.0017682869590186724
6946 0.0017065790465381316
3352 0.0016834902127841524
6832 0.0016686052452023134
2654 0.0016674718036839569
762 0.001644034463352317
737 0.001641663936970876
2066 0.0016190764042767335
8293 0.0016092708965886047
3089 0.0016061591683857474
28 0.0015937021142588183
2535 0.0015723691011698467
3334 0.0015636469104995361
214 0.0015585094044620006
665 0.001550534396206717
4735 0.0015280155162994843
6774 0.0015239432996132136
7092 0.0015114298039370234
2565 0.001463821760080447
5484 0.001456123766144121
8042 0.0013936343679627173
4310 0.0013796632482615259
5423 0.0013377898340696578
1211 0.0013377473396326508
3456 0.0013370742729597526
2657 0.0012883088451604266
5404 0.0012871411396264876
5233 0.00128509291544606
4712 0.0012663181177214365
271 0.0012515690676022618
4828 0.0012273782117204802
5079 0.0012260001254338281
4261 0.0012133465002327403
5210 0.0012081891570728202
8163 0.0011921139067127783
6914 0.0011895211689464794
3459 0.0011865084014971961
2285 0.0011717372513656069
1549 0.0011715915840771489
1842 0.0011656265686821577
4666 0.0011436795030474027
993 0.0011326549166856585
3084 0.0011168329572622908
3562 0.001111841987023532
1026 0.0011068278608519144
5123 0.0010992790548940382
2958 0.0010936641992328818
3537 0.0010798664819602671
3117 0.0010793897470166443
2576 0.0010758366384276755
2643 0.001058064979847433
922 0.0010475377266600226
5022 0.0010455411533188757
299 0.0010418835963472847
1855 0.0010394410596591434
3897 0.0010371555947563242
2651 0.0010368435244194122
4110 0.001034731545902981
282 0.0010142933982304544
4600 0.0010101789529995875
1031 0.001009002486316326
4687 0.001008297148285874
7699 0.001005347753448289
4536 0.0010045580446647392
2871 0.0010041004999547687
2746 0.0010039284116408775
3443 0.0010028543253572078
3755 0.0010015941506903092
1385 0.000999741374522317
3568 0.0009924795868567903
5459 0.0009905108311809015
5543 0.0009900278388019807
4400 0.0009844356252946952
2485 0.0009715726577974479
1633 0.0009598543735161868
7890 0.0009570871384064954
3976 0.0009559144506748297
4256 0.0009546237763766988
1726 0.0009402463638502073
3238 0.0009348782522732486
2323 0.0009311786625059
6784 0.0009267915749433749
3034 0.0009238620824523702
